83325131
91521274
21428813
92203827
66912332
18778636
35064839
59219336
96175615
96839968
24185177
97353350
96145025
53683808
82025242
22769770
47958515
92416197
81298659
96354318
69016662
13214051
86421637
94059392
71086163
78196611
76881922
45300431
68993010
25406801
73544147
12864956
34923068
14155425
18741860
84111204
72534576
38538953
95519984
13100147
49486992
44340261
78896510
81567991
26818534
54078795
50102758
68168170
73842834
77921801
34842256
71173240
68958820
24635056
20709791
54852764
96376956
40634715
62674097
30143074
77614035
32958560
55536134
72916905
90181292
96336228
59249397
22476199
23436460
33175742
85664553
32885396
83285634
31917247
93633726
41498538
27693572
32597547
65444020
52595996
41649355
84774576
62673768
59475124
92547429
35725511
78148020
77835618
44240126
61103947
16826886
14855510
57771779
80125050
94060961
21691558
61194129
52245157
11071186
40341037
24596407
81485608
38009353
57567982
24908385
64178374
33667415
68867118
72029305
77333643
50548743
17543924
30607927
92200362
23714021
84323527
58450819
99652124
17035797
49841044
19598749
96570827
10417080
79741941
83557289
88182523
17599226
45980438
33388336
82006163
48827244
91958283
26366232
33742262
23098508
22246170
88236298
62173412
59487418
23045931
86772800
65984961
41585714
56192458
46162723
16837002
31592453
21098704
26551700
31595727
47554036
14468898
91244449
95030847
54177768
54032737
40394746
91004846
43232210
20008247
80222686
45076495
31752215
46352093
18680907
21877596
94784553
96052108
61768773
15380158
31130192
41784271
83907463
11386309
13872142
25209102
68420392
75855014
68297136
50583133
59230800
36668872
77022352
27005951
71809789
26516004
43163613
66305670
80220469
17301319
93644737
79814141
53811246
49227272
50210537
37571452
55765778
55969440
83586493
81534827
67988631
44074844
83042241
57954302
41565439
94510140
88834853
59514070
66022757
62834023
28696806
37112169
52383101
30743934
85987791
27528786
30332960
25363724
30489786
49212881
37999205
93104167
48718665
26633468
91439287
98177354
49498297
20000730
33225822
46784786
63540646
33599057
64255878
74009420
29957206
20567588
36700828
38690047
48175008
55707245
17696421
33623401
82091316
12629824
93596872
75729777
53974807
62067255
31355522
51296394
96677968
59212514
56902224
30843494
54000796
66165407
71122198
45596369
43069298
98918380
13396497
89665120
92195814
81656548
18884105
33568406
40182115
71175515
22289782
74910474
19608567
68838161
54475654
80114655
74353337
91334850
90183025
40074674
72887124
27802884
12748685
76966683
55002019
53192992
91425001
64887998
65589975
87349807
82494048
61904936
26463022
31593880
89786073
12580673
54091124
25113443
98081258
74142502
55042446
52397953
15365698
71377471
13818802
16430091
56948485
18705702
83633369
83579238
75019563
23487889
69364472
56673544
97567709
68409234
82029751
50841793
48915235
84278241
17512283
21985390
25604975
45184402
84824176
82302795
15442406
45933199
57418824
47511952
69117390
66517602
36278567
48848605
11393841
98565735
25045156
19559471
43516876
27830656
54071887
40554407
95646741
92829883
14740929
76407228
34220748
48055205
59308381
94846328
47596969
98474721
37130945
73098888
69970496
58521381
72829496
69987512
26031920
21521295
99917235
25400895
12934073
60507981
89367985
70225777
27138994
43202489
51465334
98347415
24076445
86997052
68028808
43864498
27183132
48542769
53381985
20855045
63055673
30356891
44615721
62468774
32662551
36139659
65538179
33875281
84193864
98439705
75722391
40948930
62566239
19699211
91567733
89168835
83598450
33465519
63492062
12026133
48273338
38144699
24533626
26088956
48059712
18480640
63867130
52383183
72635438
72989906
67467768
13024345
16192548
38763976
57777785
68900113
46685727
83798310
74652304
97178439
57820051
39263111
19506628
64986279
80092201
48110762
18174095
33982434
23829104
35290477
49607662
57442846
51168192
88783443
56624689
94926036
67393818
96192454
31663633
70851007
36015811
70462734
72562644
16119349
32931114
30163602
70104945
85995294
41001617
80246768
70779885
10604378
64195343
44809407
92439211
10103595
51620424
48191413
51482472
79314375
39022462
80626536
52422143
13218645
25828697
74958223
52613739
23744908
40701214
64665029
27257072
76458415
31856463
92568190
34215542
78895001
26979577
35874835
18200211
61858844
71502691
59193380
48315595
67999850
68285586
71111507
67220803
95065670
28804143
73835353
31260751
20745662
64657354
50512392
51285294
69575027
79325696
41519621
69580863
47454273
85773623
84962513
33079689
65211466
62402424
58666540
88294692
33830112
38626666
20729308
94584652
68099668
53151690
67538526
59024449
68258033
58949734
74894195
57024577
99433416
29680896
19521844
19872771
15723223
46412199
50353562
42923455
78715417
66510674
79478234
93956821
97546676
27282551
22498678
72663970
18443802
57286396
57730979
87502583
53636800
45411072
70428802
76713214
56804722
41294140
23499752
62748286
33593078
14000868
77943994
31850682
49816208
71901647
42330538
76270606
45523672
71507428
73364268
49807487
11761986
39777209
48187854
34324338
27734841
83954906
48692926
89899385
45206469
79220294
45711236
82766268
77956938
43965599
29441702
81136649
95437352
39480889
70413793
49478048
85015053
79196882
25052819
87578243
99088493
56298111
89585292
62922344
23927711
27987654
46625935
77383514
84302543
81096672
38667182
58065771
18095561
20053516
22266329
71078707
54565931
27073936
54550524
23284739
14947673
86564140
60450357
93664798
72700048
62451186
83385749
89111251
99002045
10047013
87889473
65130982
99095518
57491206
53157104
82121284
30505864
54828486
91076723
61719509
86066036
76477626
62738833
32206107
69977459
17513453
66336380
69485010
75677666
90167690
98407290
79212617
62330183
93548175
62208132
11528464
20877361
87643964
53586686
86037010
28846457
59706220
66689504
12879191
65324207
42617031
14457932
54061299
27325935
21077537
28494475
23186341
27016495
13838716
67167812
35368017
58473701
72564673
54920441
58222095
50066484
21153904
54132156
86769833
88653466
34326489
28761522
60848161
67628064
47532605
28537796
95313980
17386408
19513848
22783700
24981439
65886277
61633878
14687010
93808124
75579551
76405748
15706405
87439650
94096460
98595848
87304493
80700309
56203967
25984221
45873054
22053812
12780059
94522753
37117545
36598045
39964265
52036136
68337856
12270536
85798595
60312929
86868995
41309127
50142398
14881553
25939678
69652725
39774609
90863752
20633967
98957613
58598388
73622567
99954245
35906441
47307028
51835594
78756137
83638363
19019938
26030525
42367142
15103422
56969710
40226407
25810212
28805200
91463820
70785205
52162137
92091922
19361041
77099146
76264071
60567528
26577468
63749021
36994329
22071063
29134138
90544750
16430753
31823790
14837895
49754985
11195488
90747221
27699237
18403346
37663020
51045190
19150245
99585075
39888355
36761213
15584069
36841957
14171613
55488532
78528329
66796299
18090248
17277618
79951648
91462126
58039475
19823879
84322797
40428794
36457574
77168208
10930295
14360260
70112450
64312118
57349221
75673850
73652813
80323934
35917927
72327878
60100285
45686871
15543160
80215797
40382547
64707931
76712864
19433191
21509954
59458609
53670646
90142811
81906425
76090697
14619869
16559676
17967471
81851577
94870732
71534401
21887466
75045208
19931813
20574356
67664613
39593279
68843082
77421831
62486715
76602909
31134422
76146178
97353867
88023726
17761107
42979295
43227892
71652562
63814747
81042754
43088762
28542507
17799989
79474052
28510706
44944446
59660067
30605792
67774655
53603233
23666097
80373876
19054569
36465970
31363571
57778503
18234885
46478387
19436162
20105556
80598510
36241328
64318009
96798040
48923649
72527697
78228934
48937809
68994823
19877954
94038386
26871472
33956095
81804723
53884339
79206243
45640607
34564491
13351117
70596542
48660801
50656531
64887145
15346296
38423029
79544991
72678969
21279896
21713630
18311710
10703826
48079844
69001585
75063027
57808836
19793614
66858973
21384987
22087297
18873468
22782452
25142616
27662403
38573179
38478609
29580697
32593766
90363016
73290090
60016414
26599030
29082775
16961212
92242036
73604369
60201007
38208609
24958320
66024753
98914126
25338882
33201302
45711938
16659529
71568646
46214949
98455168
46196558
65860475
23893282
44321068
24502057
78230118
88400000
41569907
71698213
36473377
57756637
84918104
63774117
40178019
36930252
50733328
48038108
42364568
60248727
76829082
48190130
48642020
21238548
12199061
36116673
38576852
68832112
96124233
94215778
51209770
31643055
78750814
78339464
76658325
76931950
19532837
71340438
51693452
29094688
18866686
84121702
25750876
24721291
69938849
90495043
56490238
73243207
23823133
95811136
58679567
71176050
13290671
82828346
77375698
20816831
57254064
39325026
59180449
45899267
47358404
26266398
32984806
11848219
93130805
68832990
93935221
24716113
92898753
81519209
61965477
49603203
33185236
77675175
30580253
15776837
79059655
70408196
74369126
67785474
47714346
45168587
83452609
38568507
83308579
81016616
86703750
55507295
67209524
95580497
49956773
15401693
88007490
66806986
41956628
99730294
30175434
68720596
64449157
44852088
22796844
12262148
47900102
26569026
75319774
43332641
85740407
76080672
61392328
25916955
96164562
33878983
93212280
30139336
43620742
17875031
67610489
26255519
14054599
75085613
41269388
69455514
44548174
66461185
11948483
91951298
82050279
77126273
83180153
44497568
65555130
61794537
57704653
34756278
32376606
50647489
30494154
82400462
98749381
12699275
58209777
17836949
82188229
99023041
16025163
94545852
11635978
71545475
80536283
58072381
89682350
90910440
66334386
22408209
29602143
26392696
13763787
19624749
65479913
94569490
41901015
46956618
98591447
95102127
70898021
98947203
79014824
40302933
69614367
31974875
36595652
71216053
57506214
47043416
64237439
77546805
62517985
59661326
62521355
56063792
17433345
74761312
99654050
41908087
97413293
41180388
89788947
50922537
47208456
29595886
21308912
37802313
75349398
80458486
72440885
10882202
85889200
93009879
79385879
13839387
44036752
73390566
75656174
30184936
34214925
70572804
52974297
66134477
31280043
25941137
84667904
79022950
94103044
19710001
26400475
18918575
54078742
27392079
90630241
18918068
13974901
60156564
79524556
38074605
26108423
40506011
28913107
55913726
91572789
66603154
19138049
45176927
14915495
55115462
48854905
99780431
83044232
53708650
90500298
22379193
45100442
93462060
92574444
74221661
65650364
40895910
94242459
21229663
75752682
68182968
84983678
45845400
77483998
85169845
39021435
59703545
98121621
59437767
39738124
65752439
42457291
78085858
47251067
54311059
72526890
97546049
39497946
85402286
76516500
95875701
12873036
42118208
69638845
35335140
30734476
74001569
66211562
63154778
69439416
14279920
41390632
50620652
31681449
74354051
87056406
35335692
75794574
22398660
85305050
22474154
62938844
42954112
82608359
55340270
54063490
88934385
41782763
50449920
96717725
13806801
97566250
27028615
70040827
62779565
70760117
42491984
65825058
83003579
11733172
17548615
97732150
68621457
30811403
46314202
20981846
34159493
33206155
39849871
23701061
41320689
20949260
89573775
18485055
93703656
45911797
14266131
40813615
76236954
81521394
59041530
71760111
90426942
14931261
37329524
14157240
27592908
74814922
74957794
89001916
62418966
16361590
93047011
82033488
35735217
58929690
98629861
74411026
85507263
48993450
52356224
60464206
34218238
77411662
55349899
68212869
37697102
22485217
52801564
42621335
80930208
80226623
70166099
22015347
11940029
60385663
37073711
94546874
98281327
35795835
82073825
90650021
63777391
89561506
94935838
59424227
75554814
61908246
12327172
50187788
68167176
56908265
43508139
94342119
84657954
86417693
43528081
63386611
88529730
94015144
70161784
28609881
68846553
16484639
46605422
70023837
94035309
82985502
53609344
78107428
47534270
97460739
98917723
87773277
44999539
50926764
32201847
80598078
89455384
92234051
60245643
63898129
23398904
90974213
50535422
28510510
90968589
78632698
89423767
35645519
70590338
69785191
21053349
46658658
34775825
74500276
35504594
90657897
84392100
45102386
54811264
72532467
85093210
64866672
61726344
39343795
51078214
74241602
89596454
74877010
11675149
70729882
49465794
49403816
20533313
83321352
39236989
32160530
40844189
43812292
59189841
60572813
45624000
45831779
56383049
69177748
95582367
75011366
46007177
84868420
22090450
15442009
17582234
24750848
39179792
37155409
11051289
58591458
18583542
23186337
66802708
87338837
97679946
61375458
99716519
59818741
56391260
39761385
48700161
54262562
16393337
89896529
15817023
49256646
84396655
45508121
65212739
83677666
89761153
93800046
27170618
33272402
90807911
63402567
55345607
65152862
83748001
57870025
28186758
50850411
48511982
96944747
65804954
72585095
74814815
41220567
56529137
60102516
24084569
60585044
72532296
48380998
85264337
75824835
42402793
50879113
44775090
79799917
76084399
48725006
72437731
95069213
80580933
73501467
19840081
45093759
63181425
51344204
14530598
30581882
85077015
11408022
87733977
17026214
70213833
55019019
29619441
61445415
20997023
70404960
63962699
15037854
15070871
23725057
11765896
49165799
84899932
65565115
56811647
87748140
18792812
91724698
19721502
56529708
22884041
60343351
10412166
79001379
86383830
92513914
98827144
55461979
34427946
19067546
55706394
62704821
78659838
17466638
69543657
56528111
25394321
94470207
63143485
49657121
94772703
69032243
50675113
85572767
57936115
59849835
71205897
43047091
31536154
62103114
88019834
46609908
20135362
49946125
37016596
46124816
85002720
46326579
45115834
42440400
22622982
33411717
17813359
48645760
33155450
36779984
48237257
20728653
54556023
73576650
31921603
80656307
16668061
45449508
10305471
29860920
10117051
27026170
22823564
34126839
25740285
22478407
63899704
91095211
94544178
29906601
53440423
43841000
57140203
33838533
16152149
49269436
25646773
12349639
95921044
48753686
96540271
78617303
10661379
71203477
73535567
68061590
59707886
29629785
79512959
30522549
43377824
90183593
87073921
46219019
38621720
64777188
91917570
91818836
63243496
39931426
86775726
49815810
91391993
12986146
57918383
74484761
26137165
40287963
26894165
38973446
46347104
59370966
14386473
59745891
34733026
31735156
31883066
23874350
96077472
94209523
83684299
75543566
25823055
42433387
26991097
10107855
38477756
72965528
66272966
58875595
49513348
35868454
55149319
78539156
78616724
61845031
77289655
68098105
21089756
55395807
41253518
18293291
23306452
27835273
70504321
48836006
72496351
33110610
10878278
57905476
35145276
95160713
91579893
45341611
12236971
70429311
85345357
97434967
15123959
50529143
62422327
71797403
74748947
68503667
75422309
43646289
62342387
20450666
15188892
98178870
35634135
63547686
96594492
26720043
27373583
40747969
93960810
45160078
34589503
23675237
45739795
43725022
21800323
49153664
18236185
65316426
10988118
61593434
81075687
31183009
50321774
61242236
15526129
54665999
67808371
29913915
85335080
97396770
86173559
55539951
35098805
77195549
31323734
96161075
65823403
64023593
25534405
18131206
32973598
87271347
91996034
72967039
75266411
30689747
61844811
82956529
46345903
98959534
18099893
38884692
56026804
15454572
75311913
60090017
57642391
84698418
87288313
81012603
38604974
50698670
77700517
19887553
19876813
34289529
57217361
97538596
73936781
38067395
36231141
86532160
92048268
67534853
32983326
17979925
85443002
62624675
95329786
15492603
62617717
35659727
84495895
27188779
49827696
45407035
84391658
70918398
28684273
38629425
22042988
70431660
61389196
25279035
23289019
52847174
91729217
59695752
12964590
14847663
82455690
50623736
44438160
81067933
42785818
57911494
74049103
88432886
39582065
68510622
97735253
16837062
62831725
47249784
37822278
33745063
78288963
99569438
26791429
80303074
27621818
99312307
82203541
48180403
75597748
54851822
82809124
42085804
16591909
63189230
91916904
27438934
48913101
77424375
13526603
95169249
78730599
60293849
26545865
54815393
56606104
99481870
86936651
96616354
71104690
46315124
94148117
53153609
30861245
45666122
73456972
60270313
78096763
99593295
96618826
58156039
96748311
20406329
14630346
37391405
62217264
57786800
91108728
58649538
48878254
58840028
74117332
11500724
82082879
22825839
53062702
33115181
43218251
69558842
25264793
35090561
27839961
27556437
39415568
89230407
52399167
46357243
26130832
97203249
46671016
86003865
65379258
43894997
88946357
80636718
51845885
83257923
90859972
48631468
40089647
63698239
91179172
73185980
43970959
76146033
95869250
58853180
58609524
37999867
16411111
26378242
18369003
51714032
10839926
92352332
67846756
10127715
12734674
28762320
50946953
21453942
10778291
75437164
41870481
80240135
49299097
49289930
14429186
14466871
18199015
63463332
31697564
85723219
87149148
96725098
54000980
29827909
30358777
58310902
78589873
41281043
51510858
67539138
92560243
24541531
74407186
61996498
48996907
89581850
45374657
26107763
67000022
66160049
39514743
82266878
99953007
98288034
21433324
30901613
12126921
64668934
19972838
46671355
89566912
59331949
43210276
28751138
49684894
96057653
21162332
52368692
87120669
13905142
72246263
98108692
35494110
22040244
71675171
91850910
64978208
90998451
27409037
77898212
41163464
47676287
24014784
83710052
66243117
76470437
82460117
16050039
95571128
54781930
77963131
76816456
84801661
24085166
51157784
65629044
93896501
85157941
90588116
62426667
62447212
86943334
13137913
89687808
46695773
13274382
77153314
23934589
22951749
64536314
32903275
39173878
46161182
46573598
44757202
64882164
25020165
26928286
18516598
39086764
79263723
31070620
76632892
72353657
84167039
84517979
36403114
37843231
57072681
39276909
84865825
82926531
60129843
33666763
71250958
31028783
51078282
44611020
58474129
99253334
77969836
98240936
31130437
57570317
14629244
78118792
64178178
87145183
98944942
93653602
46856344
10030731
58679049
28695755
29735522
39322563
18635447
77278029
77365806
58896948
40431908
84910029
59731496
96178880
90354998
42085325
59176170
41201357
66052251
81696221
77128741
21298260
84015460
12263545
47298599
75826672
80323660
43055732
77038107
90304046
31834304
21663727
30256109
41501252
35837615
93473920
14618238
63340007
24660901
85456519
25080483
55198055
99939653
41986643
14236993
29229452
45805521
40030136
30664227
94250815
71486990
96590241
49417585
94630298
10525089
64927632
82096818
30968338
93922180
78693649
84380458
61611722
81332349
39613707
30111577
38114770
62607113
84692272
36141624
46229895
87585156
65326559
99206900
28332898
84448817
70827545
32405452
52820706
45916770
63949442
82047048
19456189
83929797
85697769
41905561
48706251
61501529
73074225
76822278
78209573
45021588
48637223
96071019
61567423
86474984
34871078
66009125
62952551
96712161
17731242
55044900
56943070
18114940
91419983
89595004
49509070
80355035
23361852
65783433
33456131
50109059
85959956
27658442
37346646
53496511
40403083
81863724
98873881
24314279
31319180
73201296
43792449
97633441
97507500
67932824
87408898
46169505
66873771
98671297
60352966
94023272
74830888
53563466
67512798
89887317
27886307
45582964
99295777
46211645
69297083
91121331
99584359
68784695
19759278
13250262
65628211
61042992
96576819
77149492
69626448
57098198
33390485
96579439
58618363
12724314
72668301
56774454
15312750
90103260
39718201
30673107
20255377
37983044
30558908
68679745
15954411
34788824
35363821
89205963
49989732
78032270
64296673
80493934
20253757
98070749
86373700
14558184
51958165
39308794
66718461
30726924
62189647
64284068
63989118
50358509
13188111
56243335
46695714
19724143
51388806
50579447
59602630
82486388
73076506
88501195
14697293
29771318
51367780
96268023
81104082
50668714
40008536
15318578
76681477
55611507
27993287
48447419
25182125
77652513
43151575
94763601
11545528
84615031
66393187
58487186
68545687
75396657
18503970
88981654
11292592
36487236
26192339
93366484
16136239
62298390
67343610
68614233
87815981
15035727
83516965
57603021
72491550
29116440
58895195
73226824
96079110
50008794
17685804
15160613
66650543
81656115
72207219
41077707
95213500
56817128
95843172
16623607
28632875
79752503
92276903
80429558
36598077
23666115
86311947
80636913
34374835
30502963
38892089
84660562
83996397
61361456
61464667
35741644
72922020
81663214
49743015
50159405
51909616
35113526
70783778
91329807
91767330
77247724
33446035
72067405
21864759
21115074
27181256
23115888
62653925
16602552
84009359
75061267
93327223
54337473
68939460
90111113
58467301
35398464
97836176
13278296
39362011
97571226
42852936
37823465
20882114
92418913
22193038
39890610
90773190
54968390
65375941
62481967
72842853
12639910
57509441
12886556
84442809
40598758
86203986
32146261
62334212
94390919
14300856
14857989
11855623
71333066
63876567
20262703
81662081
65606552
16319217
16235107
22240664
81000218
18315861
31408191
31928312
19433999
87251748
72837978
76036791
68547756
56464350
39374932
69559857
20580893
23303567
11778819
96786255
97333561
21147445
52066902
69102460
36116700
77908297
60230624
48501333
34047465
77836246
90853869
75559963
46614712
94448425
32988470
57984691
95927938
34097278
32507615
93490544
16172411
36946034
63242518
28296923
67229487
81853323
55153094
68573092
81635948
31003639
64075504
20121614
56418908
85405662
92871109
54840513
34985001
68726796
92556892
55885550
97677233
27755104
20006648
36761886
45677668
47868011
38032782
72445885
18268464
46187975
36566272
37584710
19500501
63444484
35445476
23969945
10059280
35523587
59572978
88381197
13802808
91424978
21787667
85035605
82042153
92609208
22357329
55425908
46446263
25621494
61766525
64559613
29300116
56793902
99026722
54092364
72538589
47027964
13129906
36354840
82129756
41185179
17498435
55999573
43015006
76553155
57226614
82406878
83522006
27052433
21132411
83889683
67410785
11450782
90635916
56383755
59006974
64579798
78439259
86981218
44458160
17618426
76048596
39879039
85577458
43455097
84539374
25886676
21656787
89189522
13967121
71804801
76039561
49345519
44185502
98169169
45909408
49616822
24112709
39343085
38265573
90505059
32232176
37961111
46798201
73720980
22927383
88418985
17484030
51556405
12735012
77788047
73003840
29306102
71191421
60156341
86561101
60270894
91159629
47756593
42231551
54008876
33036592
93625234
52008113
32860706
48809660
73227701
46209688
26365607
87062600
62578110
43622090
29952509
29709470
57000919
49008044
76717358
16340466
86260009
71189221
22298636
87256196
27985071
64660592
58874048
24609222
10508776
79433663
78830880
47896241
15113186
62717229
25673971
75574959
58086194
32775785
92535107
78237507
89832765
16191835
26517537
76336538
72704336
79929361
55171307
48294714
65011341
87019470
70371739
57123284
36893386
73357217
44344978
61091649
89907485
85865436
90891870
94510278
83389164
10122204
10278162
17872193
33465461
12051880
48167633
40695847
58721853
93355217
36864950
40427631
87353209
40643047
22430836
55701905
87099082
44588225
72612183
66511376
50534933
52625614
95473571
17514780
35184602
50230657
62881413
88987072
52219046
49367662
77156644
52111941
87474461
51986081
54829403
53868758
30652189
17699700
16064498
89955184
30985091
87543618
74056158
88553169
94420180
22572035
45451013
98250654
68031462
90676880
53400736
11268376
66059230
30798582
57469056
75249276
64667421
62952980
49009135
31975560
48606431
10915970
64793930
96217766
18590187
13203150
89761160
32224722
10802355
83342824
22644949
89187979
18583910
41730409
63407851
62666347
70091358
68322440
49003216
22578288
77673655
31760811
68541339
87163665
17593342
97488024
12831394
85186409
85214201
14487175
59129758
94885285
38932576
82582012
64125887
81065841
81926653
14460828
35487877
68811114
54068981
97556701
77364091
61105703
36906774
33049880
89790741
50212077
83438852
18850357
87363410
12486610
90924079
90994195
57169540
20817956
26001468
73549683
84822378
13135043
78205483
96140096
40858346
67441933
40870523
29482425
80758056
75078096
35095501
62418828
47890520
18286183
12162459
54203122
35044031
40578144
35861464
25381291
45933698
72788461
28330879
69969383
49875948
48996573
25771549
27388208
65477919
34210954
60371013
95030559
74302447
71129768
96344252
79780088
64695426
95320212
15367746
34184111
98801203
79498605
52781886
71280959
47524127
44213428
29194335
44464419
12670097
52508895
40003541
97826032
59989918
86167327
46725714
51581634
84367604
99208287
57155288
93289320
76511967
61068705
97189989
84204947
96364835
68171145
44161613
52891721
92070083
11336847
24102446
52441108
58869252
15372192
69222727
90067177
19866934
49399580
35220708
98672168
64788283
32837428
21935325
59050440
84502353
85330564
85001378
28334389
58997592
88744844
20890007
87071569
90979841
29607861
16928117
52679364
85152471
52245415
47239294
55247163
21289596
21905679
88342782
64265516
33877155
87832232
15229851
51197849
74998867
40509923
46109787
57428177
90481214
80052459
16243084
35090607
44143285
87820529
47796433
31588972
63788906
53146396
90869275
94123831
83609815
73801808
76889851
90973880
15871582
40232005
10390156
84528604
55669183
42954619
30397574
58134853
36053637
16153380
17647367
16150552
46883484
21104324
49871493
90904576
41827510
20816030
61219992
88752945
41371747
13772890
22810574
16893355
76647393
51087261
70142438
72932146
61422149
66582400
88998753
69611656
88787225
52076531
22720242
16132101
74281816
37718742
70404757
68717875
57794395
74359632
55432956
53919942
54805447
94237799
45035351
20543064
31638119
71641764
85532825
97313016
29365265
78430901
62569256
46265641
55903630
54607979
68623150
76933553
37175812
18065074
84336893
45062830
79777436
26143218
19842508
91464250
88871590
99981330
87782921
13318977
59021419
99785456
55990733
88616095
16319932
98878486
93044208
60783482
48831584
40406010
74865108
11229000
43665417
93041669
59183168
52649818
54688358
37807397
95575380
98379395
56220679
99333083
51025933
48343679
29189330
27392453
84947882
75397338
57677112
84617266
56068698
59676566
29195640
62903856
22848690
14700117
71497712
64770353
29769034
46565194
66691715
59977686
21482115
25227849
10089947
47634622
53963711
24388195
70015471
11612833
20770782
95691277
97826857
12782308
54449365
87644991
31858854
85084314
83223207
66607579
10201437
44175154
91396512
71231649
44094081
66875923
31894257
61427176
98355589
86471381
35509976
71421189
42231207
98823409
17558766
32527529
83021195
17598079
57812856
82056068
76494091
22749668
49410483
41534233
53064774
62866306
23122512
91479754
67617482
24664561
60931953
93845452
80479169
71711842
51959735
33428628
61234135
32389359
38737143
91972200
89669803
81513048
93322882
26095595
56578703
66430478
92186411
69757142
45027354
76600682
83587137
64031031
17649735
93012220
14823803
57432245
20696794
44212869
83154927
31968632
89598039
74138211
44033359
32402764
32756837
79051923
14487569
71675971
65825030
77201616
97953008
44552216
33418504
88972258
82548638
51500897
18186551
60784194
26864460
57852062
41952998
38330515
75406732
56419557
81158040
28404332
71029546
14723698
82105512
71071177
95140805
18240232
91759453
55895773
65341320
38446408
16973873
86555265
23007421
43343721
66015228
99779671
56560971
99146009
30388101
45820466
72691182
15817668
77289542
47836038
83018567
44164475
38716103
98744596
74636281
47186502
18876721
76110321
67357566
16645768
20845734
98343658
54711947
12017228
14844839
22678641
90412688
51923806
60477106
54501071
16100693
90788188
35970877
34214213
63477475
52829112
43147993
69004998
94438036
65838266
35455608
28466312
49522067
12452519
88856590
64908302
28323314
56792514
14844187
87596868
49864119
59320824
61017474
71235549
43424072
17040583
51071565
14305942
76443129
13420138
95881989
76813510
94370461
56202758
31681431
33396875
78307674
99400848
42103517
77757205
19904364
63734070
48753568
75764621
33505855
18532691
50586714
67606705
21883493
50754018
68697963
84429849
37726921
46212722
89580818
73052155
31768506
78384863
36183316
34969484
10549702
43724002
49323950
37386862
36177429
31826467
94301524
87417121
45750543
53147719
60849648
54065745
34283046
99076612
26530812
87549105
12936931
39876221
77387229
67992981
25231416
95698459
58894321
32627212
62071507
92392893
90603687
53425595
49846597
38057945
14978239
77841259
21875273
42032990
45628386
89696910
11911559
85967264
35926357
32530859
53954167
75613250
28235448
29464858
97870106
63391221
37396322
97093259
90637284
27102292
10161939
74058738
88095411
20647711
13512067
63837507
64388215
56478916
10675666
72004002
95141833
88618281
20194880
41911240
31774314
60429997
65145439
37072818
81832754
81607746
80298303
41598858
14886761
73783415
99363559
24622883
20220970
92158788
53349128
86662535
82892242
26808358
32247987
14876995
64806531
79950918
55995768
12497507
99134675
55084593
39879773
25649482
66307275
61762134
77588684
23816691
42110847
22955572
86554688
40408276
34767684
10540987
82172077
54766745
58405855
88382127
75055921
70127733
26094501
59544581
96388757
63641950
82771363
98607911
89733200
29245330
13116705
50601141
11241510
52633967
95607738
32405705
44778052
48829003
84779783
84218213
50769875
44250415
93328168
76675926
76386976
95222439
55908973
81269126
50695615
86427883
45138774
76453886
97879470
57096915
48692377
28644227
39106124
19978319
43768904
39691358
40789465
83540696
57851678
56900984
79687873
20823649
66290513
41198381
40115744
61715490
87754387
27870676
70520586
91164823
27924146
36845573
54686824
90091380
55127313
34929571
58056236
61682459
47152396
11328729
73248832
55607243
44313948
15843838
42272196
31082611
28315364
83240162
45409113
14821765
43754642
79749475
24876785
92099700
38728520
39680170
28381210
79049326
16297583
95503055
24238880
35780127
71841620
22703484
56087798
74919423
93596062
75889346
77486321
46658764
31554252
56876542
29716962
85814911
69663961
83461175
81448984
52219468
37857248
71882132
98816700
79294048
84662276
73547628
63580277
77758670
54704998
87861938
16122492
97169134
18888068
59227937
46267291
19633613
75174955
65231411
80467137
60995852
83018724
61909827
94962627
88430693
55684198
80994084
52572757
84592152
39023342
97853188
35038993
16554772
77610124
84806975
93010428
39432186
82366233
58442529
51696539
83867522
95671585
16864560
73780395
31143379
45900600
34131198
84926198
99583642
68477588
73355754
93907287
71888729
61151852
44276277
67112153
42690575
46685750
43182975
52155888
55307245
91948220
28578791
40474330
61671305
53823919
33599708
62163411
89049492
15485520
49678882
17583220
60691385
58537952
79125211
30978124
62862556
51307648
87488336
69475248
41849124
41246766
32834629
95727533
36838089
24256547
42516735
76746618
73531000
73080295
10560320
43691104
91134605
38651034
63737463
36801566
21251294
44952010
83591896
98305813
87579085
17543879
40394079
31251624
38602484
98600356
59342580
77432613
85766656
25020073
91278784
19461171
77058378
75643474
74572264
22008859
50121009
55790850
57744126
87374533
70995241
82525443
57811858
96030625
16000925
58736622
35349430
53281030
71637740
28743254
64734488
39355855
89276248
22005515
19216701
96320521
23761179
23728427
23999732
18061246
50898210
70200612
84817151
81121162
74143982
52533775
73772933
96225353
55519800
37454780
81083006
31274826
31087254
51822945
65744812
65379646
21036151
21141417
35601309
76215952
47017729
84608370
94160270
45915999
14699024
61406749
77290297
38821920
54364088
29948747
94534636
53407476
58599647
29895138
18635050
15414887
83755798
79433047
27612615
90560633
71587013
69116183
99134308
13032261
48182794
54098530
62515402
17494277
69413916
14707469
60114748
74082272
53911956
65584058
29239981
68109279
44257806
19334155
43976036
33657472
31715705
66063164
57063498
47191397
29601283
87269825
87490742
35554511
65385356
80154055
95936258
92764292
44633413
24637871
81707627
20243546
24294186
42024530
86298270
62450307
62755989
93325419
61757044
10897965
82843955
64792752
53192231
34159614
33228674
53290858
30460733
14374206
25231763
33260167
27811905
64512375
84133328
82955346
82201331
73730203
87344006
80297606
28341716
99400892
18426207
68555668
29365887
31948579
40571902
27807610
55615003
95568218
45514649
62601835
64588352
74317858
46138271
87282191
92843648
77575500
35703253
81713420
22848924
55409517
64961915
73341706
44500593
75581509
89855621
15026348
22439470
87675848
47957183
47018275
96322720
77522076
98289740
31016422
18660408
44612397
55024529
61323028
97896843
54356966
46079457
99549123
33489820
69879223
96783095
70403593
36925737
57801387
10131685
89540992
46394547
37108502
95552343
51458337
35888275
17616397
62396320
23776182
16578487
62250829
35831327
42572807
75234222
87248051
41312411
96557104
95821214
28543363
79142037
65397869
92703023
64228353
73192440
76930745
44659204
32635341
13308376
52491058
68056509
35107294
56607481
32109997
36775735
68542668
90225397
87499582
28892356
45918452
89909472
33087521
97012144
65724161
24881118
84357912
69012379
59180732
32619635
13614074
31003787
42500164
67010953
98748828
28644098
78137554
89769529
52500687
24302217
82982870
52885697
20465877
88814855
67166774
18755321
91759551
13151441
13577472
98971110
71756343
43902027
55389182
78714611
14398731
75333489
73119525
51300174
62406532
40518082
25356287
45927406
92779947
30344089
42490602
39210581
17522390
56139898
84957834
91415214
75123632
44469624
36821535
72254047
89241123
93209347
17312749
53440571
21543855
32762004
89556538
27664922
20921828
58932549
38315867
44383682
81238533
85526153
71221274
47522980
67860082
29267330
65554372
70767203
64092113
41167855
42796123
25433296
81582541
54340022
41916056
79755507
31312432
86035010
83487427
86160552
43316816
44490657
87520127
51751827
61349339
72577612
96482554
59168168
67291891
61380324
93440093
87738901
25285532
26082912
31915393
77660141
27922093
98464646
73867483
25789253
87246765
91847033
96549677
61353973
60659130
25899508
56231115
59362472
24874969
54450373
58160554
27892644
66085202
12368385
38691186
57969958
39409636
64197139
42573945
22142857
92243215
67650295
69289672
70779729
77010194
85795981
56499145
23668183
44259784
83891746
25422794
39697775
96982478
82566333
29996913
99979581
15736482
48293480
46390433
46026359
20073037
48187969
65219129
98925515
29791070
41867297
33961769
36234823
26955058
12057366
50446376
31927617
88185389
57574969
92272165
97653715
62688336
20707784
93387933
63420469
89525377
48202833
64653164
16368722
93229518
67787147
19404970
73020256
45622389
17641427
29303098
32391900
30398782
73270395
77873732
59255797
59813507
66751551
98691125
67085038
64041005
91826826
61375297
40187792
96142524
49593081
64138833
74823612
71090050
29148310
17346103
34703146
88076654
60342136
51816499
48727081
79658732
68852837
69195634
24491881
48913914
55457747
43779905
53233500
40817926
79943179
44554947
74040078
53284006
75626219
94380331
56552896
91276187
29637337
88589740
17442363
51886307
11973684
82745249
26128855
24885302
26344312
72229290
29238716
36829437
79150163
55103508
91851832
15206761
49307673
61502927
60856044
84143491
21348894
37010509
10190982
95599662
78966942
77617374
22497835
41438758
23620650
54704861
82778702
66958191
71956134
67561319
75638955
87386113
66425984
26253223
61597589
24720954
91544656
16960850
40468118
62255579
52771164
82478843
57770032
30457929
73853647
23376929
69230456
67058429
30637562
26400521
24971725
23464638
28247265
95946301
11431750
96176291
12312305
97399959
36783610
57256577
87610529
90676441
27010949
69464760
94710784
97813641
19714172
26100930
77189628
14452167
16415639
54021296
86490443
99733729
10395335
58834671
87521335
91822512
86081550
89098559
77156401
20574044
55812003
25194858
84800035
93520977
25253598
89536358
44907660
44431251
34430763
88109482
76735221
50308545
73867497
94989815
25670608
32013665
67683621
82775125
86803390
45830588
20394442
17225285
42442085
84601499
29314873
81193629
68921948
12353180
80719865
93030674
54308181
85061048
21821831
78380512
93316256
84943681
33346104
29171959
57008330
45762139
53119880
99451327
64403061
95041778
54139799
49415190
79539001
76965991
49861366
14770004
17903965
81818736
69002413
12910199
60136014
74782139
19936724
29498263
82991819
22479569
89370928
93120045
11148000
43944332
25103052
58620051
19149619
13534097
93990620
97443269
42483521
67978486
16115257
28712079
13564346
52242338
23508705
99217622
48435611
95983489
75182233
62280254
58623211
73489707
10452599
80426420
93417361
10746609
84216550
79060228
99742320
30488776
92758798
67779937
19478816
34134482
78745938
82495914
19382769
52278289
29715570
93043711
38829036
87178942
33386200
89025664
26944085
78327445
12852037
67810524
61018382
43876859
29129354
81294115
23089913
54022820
11156117
26795082
53670741
85440346
22695127
75899528
72196022
13104335
53997153
97425136
20120624
76889239
67468723
63476462
54876026
61106739
48385382
16861549
36152798
60520154
67000012
93769827
97999224
18423689
69556144
64249560
52643607
42063070
52802059
70391981
96368067
18017583
81796821
63169817
92097707
19101638
36396517
14642938
55371536
79153817
35468683
30282422
39816067
50792621
76364617
55889708
44426277
91493489
96873197
66544061
21882805
65647160
44471809
99207437
35814455
73557228
58168530
27388993
72049159
14540950
26599070
14109249
89653735
85581494
20633972
46937336
20820573
61488327
95445112
33074664
99087889
41482723
28767013
69924444
97601023
66042983
15718410
43615857
24962638
30815027
14698776
91158068
81396252
43571289
84884923
77845110
65967678
45468386
42335016
17996721
40750930
59380353
51449271
68090713
56216875
83298382
18746488
51734220
63083574
26845486
65019713
14674778
61815425
85811023
54975337
49512239
23415137
12545150
78100280
81649561
36420003
20368607
43758246
84600437
85759892
69871460
96412597
94880610
20142954
68345870
53272364
15986862
90799410
54750711
79417308
15432600
33621171
68596243
22024351
67469116
44644878
78912831
68762411
44334015
37001672
40612559
92703388
51064013
49824725
50876723
95075380
29720705
89416251
11788788
40758839
78942470
40852333
65692576
50771904
10914634
63917305
64141151
68447570
40844856
54396933
73159655
89902234
14955206
18852575
68480450
78766380
98916304
21279231
42802945
70860708
43818235
87711264
36277907
22012749
70538546
28232648
88166367
77604158
47744168
10020795
23451735
34645087
88518251
64112602
38906960
35586376
49178422
91338314
93259508
55476320
66482362
74733753
12152159
61743925
14188101
48027824
52096083
12036518
15856663
93156070
58072857
43011682
42755156
23623629
23464773
41572188
40236948
80562506
53806529
51831821
21812729
89775232
70710168
85164367
69083914
98552527
98181088
32513771
66211363
75541818
54835328
86484546
27182638
21172940
10251137
23765751
58074474
55957024
44669429
37953680
10319990
83371820
67457661
50350544
31967719
82304657
84157379
86697158
52052657
97362907
85711961
17069338
31383899
83581379
46524584
51968099
95638259
96850477
78875638
61708023
92433252
54588916
24941113
39339790
36679249
60246864
16072912
16208006
25010612
95269443
82997957
73941012
97322100
99858411
98870932
23507792
96263092
57741314
16667786
38063881
90565370
85129148
10211388
67618886
82286431
32061767
15771000
33683348
19244832
53534712
47699601
44316010
89808860
47850176
35546308
14336302
29724938
31525841
12633263
73207982
10687199
64982861
46728058
32405200
68721375
38824937
19330491
58200840
24838321
89509483
69981131
86296824
78639495
82631239
66965719
73938457
71979718
38885307
57848364
88587456
14908570
55036069
48948689
91385424
66716501
98473259
62668030
85657286
52193240
59070009
26119370
67101552
96666289
58061237
53165282
81429947
18344234
89271958
10348618
56037618
71061727
60917288
53061278
38846155
64142181
92183746
71426603
95206012
18918010
55992603
19911550
59073568
71990730
23267528
79980493
45914610
90846995
37633948
15494603
29752403
17454964
95535580
11473359
20320158
11116895
29460459
11028477
67820433
56529184
32098792
27437260
18178352
43159749
10701361
64243118
53096926
37730591
77000000
85541434
33618872
56281425
50209671
40709003
85522762
98424325
66381805
26314765
21071531
62197183
39568222
34136773
59521519
26246520
71064268
15011964
13065146
35786660
16965104
91051506
86194535
45612862
25229373
48740708
47459632
75588713
46582631
95662671
92078651
95627288
41140108
36121978
89803068
28902771
21778889
56846429
91491647
46227721
29418512
17086553
93975387
64258440
43974295
69843829
81297123
40014291
72339297
28343410
96284223
74064921
25021593
49849945
66969421
93697045
57639787
66382698
71273703
93087777
23755072
46514871
38122839
72450906
90161908
54160386
82524115
39379501
59489123
44990590
90714610
70850807
84555725
19907996
35130460
79087254
29445093
13065591
49289670
94317733
33588006
61277094
42359774
12415476
55037727
84431341
33308417
14129650
32182444
69465893
39646872
69354662
11170371
74626107
45200693
13015473
46541386
74467687
92920277
98561416
98507878
90667548
87913288
82086487
59948096
47698493
21441025
68915866
87756842
34713859
85614754
16367971
44091286
34135249
23762906
66789962
38473733
96320066
54880659
76474766
11148010
64481786
61880618
82664093
68947125
89040555
91213563
23700957
27332207
81187808
15463459
45084447
36996926
76076191
19378832
81331793
80445604
57915792
32801710
16385912
66322299
12221332
15583824
21665078
50555266
70510225
87049975
54860088
14390605
38244912
67746805
80774797
36023544
54808120
83659115
63561546
58278214
39778582
47052120
81460561
40888739
51634606
43104130
71161355
61100112
68659916
54200237
45861241
52973578
15992886
46992563
97218276
80264892
75611609
78908555
78092272
85894328
79314116
98079483
20022349
45646924
54285458
33228515
13326959
97694319
75378338
23316834
23310510
73434168
44289417
16877029
46975630
22869149
81902810
93722334
10424753
68503652
71067921
32826055
85886282
36456289
12417434
18397644
81809647
74026236
80506610
66153037
84287391
13152032
46492747
32470187
53280715
89275521
35261633
63922825
12360352
23967879
85051978
27540403
84680923
40426737
70400489
14712968
76087815
54953360
94896994
36079517
43890438
20237982
96836563
48926041
17610688
74500877
55610864
39527896
77817172
85240524
32834471
58098251
49164870
24193373
64043308
94370568
19698272
90998329
59541849
48462101
23714274
32279140
50263191
57950509
41918602
79580333
89351302
76068288
46578898
64376087
67699454
21472015
54657279
37942241
62071701
94924804
48424564
12981559
93649049
93248402
42247622
33399020
80817368
56042401
60627443
71631438
18315693
88532107
94864409
18693481
86129425
91845605
11020702
57131443
68531074
44663081
68437184
78656813
61811738
66872723
35038360
85585278
48415146
66846014
85012028
34316691
46072066
59882913
49947882
18134570
76994317
12935390
48676828
13353605
97821797
57010591
91866698
44492312
89600701
32951584
91814485
90510440
45866544
66251800
61083755
90506069
29274922
10347324
89252331
31160947
32037816
67682533
37407203
84305873
89531983
95083566
45171580
82118805
24140195
66264885
72908681
17728203
57806161
89970986
33729940
31130697
85569150
54598602
23712972
30769134
69215856
60665354
36264586
66007448
74431486
35265793
47104584
42598514
80325281
22193843
91186256
36067247
54960213
80523134
70935585
23483055
72695753
21611173
95135165
89777066
56350415
71146787
97911402
21291432
77701874
84434671
80328729
27179440
48577720
11301107
39275693
22123182
50546571
61504743
81282095
47776294
57928288
93313395
90917365
59035005
91101155
14664403
82774226
40141412
30581480
84016162
41341112
24892353
12532021
95983278
71226164
87450590
94518416
71217456
92568137
33102250
89705632
92803851
37005709
16605185
79065886
17645699
75588767
50310067
68612379
25255168
57830431
67042077
11268640
52333420
89769337
20262559
49828703
69359309
36529567
95533156
72485762
28612587
59928609
89135063
60207192
77710065
90541071
85765975
21777101
27023854
23827584
12601185
10817640
63680656
64814439
92703108
76021699
37103225
54601703
33234672
75956892
20508467
77143740
82881019
77071031
40342898
62589248
52205689
17853853
84584568
71735023
34059254
97253520
26539678
36994683
47006640
31284026
27554979
73484135
26249342
57009962
36655464
51650369
93270917
29430022
10090799
91594561
71203775
56345662
56986199
19262672
99719243
42307193
66271833
45402986
10689620
59075644
55819933
32210102
14085574
85755677
14342492
38468844
80507748
97516005
62781767
80023946
75492769
68588811
69815351
94490182
58157313
45859610
70341189
49648102
21958655
49528337
59287846
45562273
45844479
77621378
57011531
54138973
17981104
32576646
50280312
67416480
73850076
99335782
93897538
18300654
95818597
24651609
97340957
63730599
31620440
16326564
37003709
83219034
16903888
41902578
21880978
24236166
15593234
73165913
17783352
65510851
25639442
68626095
54882676
35605961
84750376
83652389
94435246
10029348
67635030
10662012
19577899
19611497
43039813
31564693
41152618
32465785
44835788
47893453
67606956
80879767
34299498
85958412
76642154
84349175
26397302
15889256
64931523
73139752
20045594
18624135
63805039
83100934
83312035
18049326
75815083
91347091
50700860
16361890
31715033
75867855
13644245
48207048
58619357
95844505
28801516
20469888
68159806
19756998
98514723
32350963
64572014
83502574
84704879
54013539
78465543
92359714
91087746
29281375
59235499
80623853
27499698
77220023
52800240
62493272
33449327
17634021
36831956
92541642
52346637
34252079
78667342
79495489
11916966
89198757
81835316
39174871
70213997
36666447
93695683
35376439
25199197
77064994
52942091
68810008
96991833
38172473
16879551
81227363
42884558
62658945
26500303
16922704
23829648
84418839
37086106
44549604
68567405
83563347
78963959
43675800
27087623
68185157
10324477
35459911
67474053
63286712
39276028
99005612
21091226
76228928
24095531
49118267
84901889
42391860
16861424
60123299
34653720
21884921
72968936
53731441
26444462
19109308
28142589
22127140
39141023
95549054
57891750
32291713
49354862
70217900
59292613
64814904
87682128
44262635
77406005
24102711
15231143
40573626
83545877
43979290
97534443
64478673
40441254
93518535
90858222
86563581
33111272
35694595
80195221
73125570
54326059
97090097
52854534
99541496
54152075
55310805
79189558
44927603
50793333
21956857
78265569
60871324
68377293
81825225
29840341
87210169
91425602
36281789
75328278
40550122
34541310
25324713
69761640
58226649
84619847
34062587
25854020
48806772
52808953
80669881
21758643
14622015
66475582
12617879
22257514
72510003
56411106
58832417
82763515
81431742
55168037
34896885
20769844
89793798
97326009
94827368
67431531
18153113
16723730
26420584
12851889
75244267
22974292
67233413
81086280
60962781
43967253
83942750
37439274
38743578
80648190
55336279
33489705
75922797
24665496
92896769
30000111
17524784
16633139
79259649
83590932
76638298
78242390
96507548
51978246
80829683
48031127
94935696
10118295
98314111
61317476
41182349
60175274
36980623
24316554
69873065
71578250
81316842
41376199
32506726
41050304
39576933
93473697
78046518
35941477
64556188
78942642
86153710
91178307
63613643
16168253
29623903
88246764
47279606
69508823
80513635
32309740
59898275
30662685
10622148
78997545
11964992
45379309
32728614
28379522
69605152
92326787
10621229
77178088
81970371
91701904
97711654
20787714
56707278
83977733
67332051
95851933
95223373
96994472
16060976
49378131
38875594
22064685
22112663
82535289
57228783
94983127
98950606
46890476
43406908
30416868
50142786
33959929
51318675
48961479
33366109
22034305
47730557
55617446
39189209
71621992
49878415
49209677
81372116
83400073
77690138
81033034
55114070
59966373
66767476
18819024
32110856
65415262
37446396
79027084
34050618
13555567
36690559
60072847
97216702
72021224
74609325
60312620
58001878
88815160
45378873
51226024
28742068
78154584
59202282
42164937
73089801
19830024
10594968
63757187
69325845
62200578
91895644
67240553
57300512
33366077
14605378
75875511
24786225
35235730
33348470
59238636
58714162
80930186
88264499
80878647
97248507
26242129
93753906
14063668
31658129
10796952
70443418
91433190
61517468
23991516
55213069
61095959
26944459
39177681
74443360
59763583
22805356
44232720
45691232
61906752
11746135
61982205
93897648
19618550
75893478
97347050
64799698
74769905
37247709
51312015
14322575
44681689
42554474
35882564
83504146
50547528
82596926
81115564
35466208
16147831
14943765
67377037
48185702
91497821
47558879
23865249
58599933
94338223
69485955
45519169
33309148
86312094
95055046
43929985
16055216
26342359
61817285
26729652
36230352
51549769
41227969
38634914
51392312
31230542
12497683
69260811
24292320
82239634
46772179
39465269
77141325
77171672
25655946
20579032
25663377
66466824
85770122
55907456
24918736
74287475
91633356
29668396
88386530
29065234
85299844
87337152
57103972
52962651
90089481
15856858
55851051
65871815
76021069
30699660
11968468
22509000
79255670
97278866
44811497
99408501
39375412
22344493
44627826
60637224
67045188
58744574
38349408
24339405
23735461
22325569
73882280
51837801
20194406
73079096
26198752
82330127
56256049
59359452
28706028
80612998
57384066
61392102
47983668
74904067
16582448
63537572
87577962
50392095
68731965
37312580
64669595
35101207
81960610
81655220
95867821
49990434
51119453
63983542
85835964
12808040
26854312
94923495
95312992
50768595
82974929
93599128
70544555
43509905
46512612
49494152
71078428
51856329
95793775
41922818
40511877
90627404
59089083
77435534
21238947
50791133
16727449
69700655
73328647
92705551
69406471
72109442
86835124
52111155
51263081
82549376
84229051
27139249
12310588
15113346
22864202
25427686
66326030
12656368
52509903
71059849
20331007
31245753
36017254
25548066
39133551
82099908
36967032
79806315
59749374
59922254
75758255
79626234
91076239
22435044
81466913
27047203
12607694
21464847
22036211
21547986
94173381
34590704
94841133
67433545
88527773
43036591
31258171
26858641
59108433
32960480
37524124
11399375
62873928
96630247
86486290
10714626
67062298
42336202
20265365
58673613
47477924
56538864
89751058
23445631
49120887
15313492
44292705
75013252
18560730
70047135
36676049
63870648
23666679
49273939
11141407
30612065
33731168
56024670
29357639
41149881
77303538
47225750
15017730
45102532
52703554
84278864
37327921
83961112
60911178
14894345
33401276
63019319
53176025
27878555
31511139
80217413
65557892
22971591
74451881
46135578
51614683
73655380
46108949
11294686
16717639
63196135
50140136
93395854
18540402
43787690
59139897
20051053
91401691
66994929
91487047
66749764
11280544
38483000
20068366
66651681
15463850
70659542
52969517
37499122
56469968
73632542
83224988
38422750
38017196
41047918
69967440
87496446
78560132
88825381
88411194
25551136
86520158
96362953
79318629
88751381
16067212
68211299
39168693
67631222
89177592
43627390
79006380
25127799
56775221
66471004
74252231
37575649
33731839
92440315
65353083
18385755
66492748
27282522
79926822
87805045
40022345
22187259
78892044
38675236
32714155
28006715
16210886
59671966
46343046
77510422
53846515
44630751
15526765
29232234
58948602
46958015
91086688
15066058
49915832
58403127
22065454
58685250
87163137
27821562
24004819
15523999
69496659
11674237
36199264
97644144
78817640
31931553
71390445
22406905
66683050
87131322
90981849
41353156
53767917
71156574
73370970
51479565
42784506
35223870
16858399
50016247
24913566
45887407
92852620
56020094
92272809
18274054
99373345
18679026
38183274
80683759
64216023
51931751
36831821
21985550
36550805
24996437
38539354
19885571
84887916
97443347
29644414
73546986
13511232
65466561
70242775
13348137
10300110
22821791
87616491
34843367
57852238
56999917
61085594
39972929
47207489
47291333
98552960
15196536
45688859
81218852
63476691
37860678
91162261
18381429
38712442
89826545
69168850
71606520
52655376
22711974
95583239
89436351
49369469
85146112
39262906
43087536
81535551
18937784
95660340
10132653
36585626
14360909
49846634
81086173
92216855
57992892
82366880
60639432
77578880
10830731
52910636
32529657
37712643
97025419
28792392
56842862
30299151
61047808
99834717
21867880
95920892
21148976
26761438
68185243
21535216
17318845
69330434
12465896
98666182
58539785
43645142
73606139
95267023
44404961
72361769
64186418
79773194
63265078
43856182
86558427
30316167
81726245
99719290
35317973
73934287
69817786
47335197
54844291
95421072
95786350
75963098
44621200
13607445
62464022
60824137
41966435
89218073
66207711
66161399
36616727
16721193
36433539
31126582
41130764
86364132
24432794
24207793
55779334
64297090
24525727
67190889
85954651
80404229
33810971
38322906
26487601
50272594
39401075
35183466
93858751
45972317
44148084
63356180
16165601
28471389
75125645
61763285
28020925
85913231
48135700
59027586
57517064
26659703
17352074
51768426
12749929
49148574
60207846
67490391
13079567
73891040
25239155
63404422
64725842
79512362
15064625
86925263
44585589
45965706
39287573
59985109
36587809
42950800
41414349
66720164
69799787
99288670
94992513
41531307
27369815
92761852
35982284
59577348
92739173
18104366
33192667
48434316
61995096
90956925
29640305
97032869
49058324
80634018
57271046
39814916
48843428
74611144
92459087
90102518
22123545
20792147
90410717
68777698
13625026
55424436
90500811
44715561
36284669
31063291
28085352
44227545
63531112
34154737
66019837
82411057
19357413
75631627
68373123
52718916
93962089
18679931
63919622
31020823
12909550
62187333
85797833
60120728
85589469
28445704
65912939
25661879
36058583
11665264
73134675
95688223
77410840
78105465
58788016
35385658
32038736
35768639
96682096
30762581
58358927
28450742
49063716
22799077
43802539
81420456
83153408
91341181
58633816
83607698
73757498
13888796
23135138
31000209
32203097
25325446
31155115
34791496
95644596
41200388
36758974
46398358
37201368
78157997
42376950
21240961
65546430
41996750
42664436
16163945
88044568
51210657
16985384
91442907
35352629
65249005
69567214
28002213
96398760
69859538
58716985
88207198
60134272
11925830
53441249
82718702
76240842
61507395
10808636
74645241
50448393
69365509
77788751
82426511
12624002
80183554
61061544
16850496
32645964
22010907
60802652
58688315
16202930
98958778
32598589
38392569
37059125
13783513
57511117
33042010
46783899
95276137
92735287
20911930
63275035
42368695
74737623
57119598
33475901
54377137
87025231
75196565
27919927
24155728
43342796
87604480
71628636
67077809
22719096
17137202
88853081
47838583
53889724
51429294
56410952
34479495
30842185
90958066
91782759
64327856
42871283
63873145
70163843
90510768
17860197
58510931
48560494
65543814
60298828
30326561
19406757
10897989
15323797
39038713
80152885
40193072
65761175
99359714
68320512
58579823
30902927
76584900
90009311
87382686
63735470
68927692
92351259
48986477
36078468
66869407
36587965
65982591
14278077
99514890
28608773
64662756
41286729
74596336
12519396
16015758
93435772
17899458
39915870
57356280
32197791
58860951
80278106
56969414
93875494
23240078
47508913
35226357
63829028
13282737
15731785
39059425
18854067
25304016
43404741
13578546
73831685
67720722
25665477
15593674
46599347
51675663
28240686
88259490
63814633
12071218
90948379
50765150
15222355
19564243
99858276
87969466
65368521
12425003
39027037
51739861
18911550
61388932
39328758
50544310
62005941
16735987
15160840
37086079
56954912
60569221
31739929
92144814
84316084
50009129
98385630
62044080
31098114
82953139
50614674
32497225
95989377
22838531
56130704
97473262
68348855
65320390
52268533
62000262
92018190
43859825
30588829
48117238
34623659
50010925
66476354
58117712
44689794
88610508
37031386
46002674
56595116
15564224
30823049
20663739
18890203
90124790
13005016
85513149
55654005
20234479
54140109
63949754
18119451
98040163
68771689
51501891
87738229
33654616
84156664
39607777
94717047
31969726
96139914
55974246
60812187
99434451
79388554
38242172
15208536
13966641
83164957
47086594
44574685
57081387
90293407
46532857
64395000
18532320
40238314
23035765
32039247
44107449
34328765
29403936
67035799
81974401
28766262
90663057
77113852
58274722
97296867
60839485
29592090
87198695
87579938
38197197
39428579
85601206
54327950
14671223
80021653
48400514
35196569
40015721
43024595
81531316
13482170
75400240
88541601
35723330
69116433
30869796
65975854
16761139
97008028
64897296
44534366
12751279
87180902
64318886
86305636
55415462
10711975
92716585
46963431
75912917
23599475
83370994
91864227
80014821
78141082
46467777
73171097
60891484
62626271
41042313
73380991
24477731
10136254
60580076
59183571
59574498
72508308
93474468
94978927
91293699
64369565
93358878
20525163
40672135
13305739
58453286
76350592
26310025
48362199
18835116
37289941
80211035
58326437
79216428
67504928
90383342
15462134
25819439
47469867
76581265
90365931
12326797
22380672
48167868
78811010
57199346
77903322
25281859
70545430
65678746
10616148
76620297
99256193
21536322
42452448
27196593
74295789
26008031
98816387
11529921
13581682
82389747
87381305
60962727
77870141
56756328
62731402
27165972
55309731
14582316
15048616
40167765
66781428
90278003
70605696
71674033
72617031
81984828
69454465
56794293
39856276
94075544
32182925
56008573
76628609
32875167
86102628
58433897
91912252
41563576
94179239
93494751
62893032
19158592
43018834
34826098
33948775
30388478
10118870
90370663
50814775
62057890
38404498
99461518
98550359
96809310
69963871
75354235
40063829
57049548
34601892
74654112
80021580
17295779
29942212
28356354
66168937
75268460
85092776
11700584
28190586
52218366
44055566
40635436
15746606
78520234
46239587
70686074
59596809
14631144
37674634
96890029
93832763
44022405
65590317
60628005
84750463
96192886
16795508
89922195
60620256
27491961
29930751
73518674
63708529
62766646
97164473
62356908
18982026
24994253
19188441
23162239
70440829
67586786
43519190
24658566
45056692
81997890
45981432
77960717
36568937
67600531
89660543
28867899
53232083
20168880
21913267
15760203
17136765
66425874
47020056
67473071
87090126
78721752
97854426
80338352
94202488
76523695
32825779
74732525
72416135
79598705
77249537
38654530
55938786
79575982
61553397
95846530
25441507
91651158
77699748
35755770
66466930
51654513
21649532
59444619
97255839
49792644
63186753
19987322
27986706
24666769
13318968
34545219
30712023
42269021
22090842
99873513
56216876
44906167
32486748
42827718
45915178
93367068
54592563
64826830
10432761
62895588
79971618
69146486
57548322
84319584
96619039
38236281
81737655
35665821
11340538
18473477
39585071
37500968
11621991
24598666
49959051
79009302
71313034
74308305
51380279
92734156
99004907
93934100
51537101
91442995
44780648
64271489
60428710
86125578
35632445
69698664
64203235
69081665
37894067
39847942
26937759
19061506
35790755
41934359
58218552
99174968
12536027
73857881
91464131
87924644
20725239
95974768
49681071
88818419
87845647
41963551
66803180
87809432
11889256
16913822
43904298
23427429
13068720
80402473
39452056
83572869
25625714
70850595
88804043
78143992
30666314
42304925
42684768
34069880
40357248
17826458
50640368
50919762
12613195
67339168
15351290
25227650
71621176
59911058
10543225
35927663
43895040
23184373
16708025
51466858
43335494
84210176
58378209
83576447
51434274
11263043
10448488
24960410
42934495
74638942
24348127
35089432
68044460
35848373
38973780
23987511
44889682
90615982
89899018
45425199
70791196
32699277
95498893
66221395
28625314
19868964
60926464
34690005
16404873
24260437
14456826
71279537
80358023
82662867
33854823
90630945
64718747
11296075
40962587
58029826
66498631
50206357
82999507
23034519
97734643
85038405
40609104
65461515
37338055
18029689
56937322
84276237
78753396
95287537
40019254
45076454
23537159
40033397
59831094
59526455
24437894
20538052
45869539
84824470
26650108
55070718
21368303
87816560
78998111
60791818
45061243
54112389
89821368
91454345
54855005
57630425
91873064
62073860
79820659
69525516
52269151
29779085
64233076
26583309
27775874
87579293
21308432
68102223
49358638
65134456
76373417
37295150
13867094
85195677
43237736
69520537
90614792
34668915
99810862
85091804
81220931
69095143
58930571
44801319
84000887
63580106
80347718
98890710
80942842
86762879
53705154
88638046
40046237
28478510
54492136
12808806
84481697
33783169
70974939
81447790
71365947
68568331
31360755
52966313
94277733
31699315
28820249
34522482
79823567
39827027
64276723
26561337
17871296
37802384
30779056
91826834
94319591
12869095
63428233
13943576
48241255
56942315
85630547
66252671
32968421
91422211
79057054
60639895
90743818
43127146
40395790
65696982
17820589
43794777
26864296
82947402
75092337
70720664
92258327
83886480
59385217
11398743
18521772
56328246
95723437
85875507
94151102
97607177
43527375
38881062
80492311
29099954
96323698
93720958
42915653
41042115
72341346
74494347
82030914
63430342
18745751
60355824
13878096
78186854
69368277
63951338
30429527
74234292
75205217
40979617
12947574
85925426
79327010
55868197
73626695
81205651
39760211
92230762
61903446
35911834
34017837
90116036
42949107
23501384
95169481
68575178
98399311
27445032
84586833
54442188
63170068
14040151
60801233
67018987
54828978
15366126
56364686
14787544
85926872
63520550
72191694
68250409
66109585
95847248
25924959
52741467
85816324
54726710
78616425
26188953
72245985
92298236
24639168
48528650
13766667
30317163
69953532
88421039
41025550
12452640
91475440
52395602
91941761
39518179
72199318
11570318
56111216
39863230
40250120
95801104
77545486
40053180
66954947
47399113
61884981
96355047
65426340
23552010
85444362
75354887
19796158
24521638
36730926
48122419
57557297
34758763
84516047
81350626
34637319
65412496
19139565
70296689
41265693
70254604
36577201
71238517
45439576
45263649
28626697
75206827
83737482
93382447
56270799
27382895
64261081
27836216
46935331
86776733
48617361
93309272
43576994
72842173
62976287
19077952
47115550
93223740
14999542
44564279
31657610
30502774
42140834
93169230
55224851
82291387
41524483
51281425
95598699
21968503
16327651
73547329
93853249
19801082
68652715
23145592
72456663
66305226
13935105
81813144
98758962
49307033
41027396
14392550
30268261
62291162
64123780
32726656
68890749
15408603
94645548
18327751
40058013
68594467
55351969
57783262
44121135
79201667
35426013
68434546
92996544
39760469
83209521
80887203
21189023
24164879
47349844
71859951
69193351
71197974
10844800
21574861
78751574
85772394
77225373
95007111
92774280
30076686
55879046
80896617
57020672
65565275
60241663
75789282
15706190
54350787
30693163
40365197
59647429
76931710
47107499
55685649
21607513
29335209
36354667
50496924
31625390
33693713
90242431
62752584
94480715
65627188
32564713
19228370
59172751
49838105
72235552
78349551
45947906
61067205
28502553
94917574
56152598
34862194
30622559
95763557
72047874
73708547
69122971
80107070
62242260
55290712
89085817
45365434
31837195
35346396
91429390
73240769
86775015
44081532
66971946
12840115
92803018
52277219
56791286
78968090
40259493
66338660
39421180
37999616
68147055
49032246
19259789
31253586
97460451
72900767
69350523
39348760
11783972
61342533
13270141
33826847
27159259
50436966
79178966
66514257
38323026
36283882
17041418
25474944
74915231
18050372
92603098
48670925
17175058
61492970
84859508
41263102
80190010
73750530
63184812
43929432
45444252
48547796
48072304
29703185
54708818
13588274
60833484
14422866
88505311
87402228
40443214
97662741
95929750
98975889
24194590
10262651
32336196
41166110
31000484
78030206
30333491
50359892
33350010
41121506
91265945
11143078
21900052
44925638
85655890
29193967
94171095
97282034
43773270
98637655
20987712
78486172
62142551
65904088
54091381
29840531
22972082
67165813
82217412
70267893
52444266
95003030
63233278
30407298
71545931
38857857
77402668
99832888
34276001
93868267
72674834
18573335
32128495
94119179
53180579
89427496
80136758
11645549
79368557
71721856
88090035
62245870
66349430
20003247
29232480
13273279
50009043
39392281
35856480
54680679
26353467
94041268
94616315
63231677
10072775
91270580
71460364
16646591
99674574
38301126
82829785
51530554
62842732
52983596
59720826
25778488
62852038
23932137
50090729
58385928
51571010
85069873
99655507
97501984
77133643
27996125
13269631
26974365
61979261
66544510
42829727
67290220
90216411
32816638
35772340
21287725
57571639
83868972
36979791
80891102
49331131
59548574
98750302
72080288
97312309
18636925
90828301
15259878
21098633
66765316
43309391
38761504
81612489
37153433
64671551
51577501
36333342
84917706
61347336
16345730
33968052
25378734
60427667
28188145
54313192
75643067
95949674
78613150
17206132
94442160
97702645
64639938
96174546
39758548
91109362
10032906
53495201
23272727
38349287
25423791
63361624
69184721
41406642
14832410
14245122
15027202
16436079
11410799
97631110
76131704
77714705
12998224
20584550
33517294
90402220
97485502
99466649
41210763
36307192
26852266
76883350
74621685
27000525
49054402
14103382
68992612
80293798
87661038
80681758
49014307
41303912
14984969
83749729
19543630
10546664
34753811
94849417
70683339
44709255
87125166
70734239
64728722
49548325
96515668
84061584
10944948
22745506
53452885
62255659
36369006
49498026
45843866
22357493
95748553
42404019
85327966
13720215
48144752
16807417
38243338
95138438
86905310
25617800
58229523
36540028
91258493
17324866
80872740
25696764
74798915
30880599
28642373
29451889
97900349
44366410
67176000
14190763
30886154
88735634
51412829
10275721
51844714
84166470
88469701
37096707
31240468
84842043
49397734
55637857
26692711
23634871
91612506
99347491
45107329
84412949
95865191
90445785
85690562
71495574
25461663
31379617
49085664
12255596
34178193
98214341
38142320
61457647
65049689
91138425
45643592
72348999
28403724
15656750
66014730
71921761
36710661
61440565
38460030
82854819
42894782
72891091
67008335
96812119
28071700
63835996
17533309
58997323
86153423
13662849
39642439
73841469
87427979
55080875
99528362
48577612
34061072
52565669
24476079
24300803
34150777
78140805
64825662
97023972
79598868
61557811
50520115
35835136
77714793
18492234
19610717
76140426
41913282
62257023
36896989
74231284
42443758
74661357
99579135
17533009
52138530
18442275
75265341
92084089
17777299
56795579
59736790
71663413
36968930
64168994
27865351
69108167
72852135
51371234
24189325
47960723
63644892
39009834
84765593
21041650
32606263
94384676
68968738
77761978
82977267
14358404
47323822
75294014
22513960
66930153
32215011
85597504
85300374
50776517
45528286
96543577
10736047
45859482
53899504
65632308
16300899
22841912
68880396
29648763
20721873
13882339
24900236
55999531
88054121
78963466
22145583
15842860
70520045
53398623
54587612
38213529
39115087
91819118
50530296
77377222
26672799
17642981
28632628
60302409
69553039
94529184
13622083
24729264
49431100
39310084
18093912
82928767
45960307
68978287
61015914
10280967
68621633
38538760
33934045
51440338
66084484
82166808
60504770
12232368
81418639
34577994
84062020
71969930
64351220
44825508
15898180
99873404
69493950
30625506
18302911
31688079
91231269
29561318
53157047
91830543
27440419
50318884
65602007
63479172
69928949
34091217
48148046
81939141
93908154
52274718
37567304
49543464
37617403
34751167
22487264
24989272
54455265
17792515
93415501
23362862
24443127
74595122
70740501
42266758
18141211
10742324
43550112
80947642
50255745
18966221
82524802
69350948
50712768
58002612
57399826
66671295
68190798
27264765
82155885
27691389
47016427
31212402
34498489
10780164
93545273
56819754
51771304
57117675
40313089
39914105
98945909
52634521
77217484
70296294
81603279
34528908
35552361
74553017
26617340
85033302
25269851
95793910
75029324
22082356
86778324
93852346
60776620
45894099
49744225
73151266
33403869
12567650
95316871
99655206
80153494
99046126
53879766
21518439
51793054
76833144
70605246
88658155
78242535
65545771
34733550
40274050
85215118
44729773
17231190
87902593
49183665
25487278
10386677
68724714
43272066
43848927
49720821
56451146
37010315
53048962
10562219
25429230
37320169
77001810
62280400
73108646
82419798
86678671
20594886
69153729
77765632
73191591
64460660
13443996
27563508
39761352
67855006
29566353
16921882
98253041
28608306
98492800
64933391
32318069
56616213
74154794
33388212
20321740
59470254
29701158
38095802
97581977
37827144
95162275
46950567
10930024
37906209
23968615
99467428
50521528
59069645
33609860
89428711
19275496
84120642
48445815
92831021
57521094
88375117
41752972
46013717
63813060
92036613
21968831
13795067
46093506
63613691
92771136
36439823
59053540
80351360
39465958
18573649
49751435
12616913
70785134
20043133
27967625
57714538
66462116
43623696
64580827
86174981
73175112
45358652
61468179
32479636
75461205
40899623
17077120
37200783
37036223
12089907
25850282
87482691
69035335
87088384
34384641
90635300
28791135
96775136
47292407
30660869
83653317
42439914
55137166
77290670
84866489
45502388
18697271
33885245
81275051
94317466
61143272
94421940
63752355
98915677
78611365
26705428
56509300
67613688
88205581
64010653
99970244
21625867
36403357
52919143
21662418
30531111
26296483
70481402
39320635
81152877
59141251
30750090
71808622
14417434
61533868
99438608
42667212
60284859
93455231
33388884
84922752
25761331
89185797
35166948
86452840
82604441
27021263
98070305
32835489
80069151
82970608
54815765
92415083
19088518
22224213
87248511
11678183
75549518
83499208
20459840
53970074
41270356
79650189
35675806
84195703
25575497
87727911
93344928
27199336
14531724
59360452
10856610
84552730
91768996
73476706
31899728
63030843
94500996
90595181
64560358
81314049
85255077
60412698
10062559
32614761
48875373
48758758
88770973
16087685
40591611
25935585
32143168
75503754
35938439
31360750
22569311
29865725
83579203
44040614
69896369
94223195
48383300
64464403
97262598
42818585
69800282
38327957
89714425
36599025
36582947
91637386
54359612
28642568
12323732
25318804
37210649
96529564
80529169
70593081
85665003
47876885
73336361
53315795
83851838
49365118
87397645
10800751
99642800
34768095
13016476
23688996
53163653
89995810
35507719
80571432
25335325
75816419
32195965
17365683
86761787
71789694
96229955
98655004
58125035
91538240
52898375
90070412
12146478
21585234
76657618
45191818
45426561
64166351
12149692
44890388
15107151
72061350
56835181
16847781
46563377
48719158
69338104
29655205
17297979
52090450
75580454
65258545
91053797
32750142
29808578
31222449
82911655
73216814
89065437
73991010
69497221
49561969
60651424
99128019
96158387
40313643
23991021
47537120
59902931
12677690
88003564
90497281
54747134
28835830
74943741
72974449
51467250
25353374
81493430
89964967
22826306
94570443
10023476
49492451
11005099
31106395
73628578
72474792
33860875
39391625
18391054
13743941
78335213
39238704
56963963
95669909
70208057
52580945
68443494
69907232
30713269
82440070
55250654
49062674
73813022
59973758
32950341
16768051
63019214
70681786
62921207
58033203
52535473
39143007
48788747
78840802
99681640
33851645
81286030
22114833
13198253
50855184
60667935
30779451
23028618
70938624
41866345
55942507
72523598
63576365
55549967
79875932
71668246
38754427
84892859
69473940
62836139
11717058
85325502
20259807
85637840
40374705
48649206
81440080
22741073
64729165
93756594
67279938
14299359
72851151
33139857
72181135
42686179
58769580
29992772
91493859
43618705
17093484
12783694
66421072
94329697
38794176
77065725
36003556
21191863
56267289
44876068
98074878
36263596
63310830
61422079
65427039
60482283
35187345
23666467
75971125
13572866
82146007
46577520
84701029
97393193
48023474
14851436
80833309
66706931
55793744
61091754
37827178
77242237
40299476
89501893
40029032
81641311
82430544
14521480
46225461
96867247
47293834
39747121
67273511
87222283
80945558
58456876
76750340
76574854
50031514
86536887
54508137
95334178
81800937
21974012
31399277
21495112
58070835
15102702
52171749
98441902
71399904
88381064
54658950
35889598
26471738
96509711
78063532
95531814
70413998
26744914
36085776
15238704
13965960
35160294
25342265
70939050
91217613
41678858
19014266
81370201
52158918
71860708
71477067
47929229
69340827
67008441
57263140
27215330
56071540
77349723
47784422
76373147
71782096
96015341
37711581
40807077
44833021
12355831
67019176
60872595
42896027
47931282
51598024
38299489
30309552
20434319
22056949
95187109
54318967
77339226
37984164
10693475
65405950
42181600
68394616
86137950
19121789
62947165
62414396
56962338
50913984
97003180
26407626
60345291
66382704
12711699
67804575
85434501
45562241
49360798
17639450
62323972
88451377
28621636
18514902
26915697
70105291
75917881
66790940
52138553
38292609
67731999
60582420
69735400
21238933
70662445
71228015
93710812
84593772
26029031
95431656
27966056
29591259
10766974
37056392
34702374
62780360
45689756
26776249
45353475
23913445
84907400
23477686
71159135
77508098
11340100
22802184
12759004
82782596
14243135
69956333
51042919
82269674
42259501
12280064
29672934
73982341
59402870
88272372
76495209
19290711
97428989
76484134
11247181
71120949
53695245
13124651
20299565
16896259
64704221
31011926
22781029
57715587
93727120
65521249
72090272
31098328
28615947
13362963
69702846
55652911
53722040
87552550
96896341
78371914
32201150
70864071
78337490
62757083
84019534
93415163
67381019
11704408
26590656
12406663
94149880
53602062
81530700
51115180
54478833
48314255
90259493
88685660
66983533
36305138
36251050
32095003
73391312
79715068
84038820
82557068
32839385
82044987
66673785
30835141
44296908
50788147
55050360
58651439
41063064
36228702
73317573
94067057
63475728
63378169
76485793
43537886
50794333
55843800
93583975
50570902
67369138
51342747
59839701
13710939
82198196
70436047
28029483
11312773
78684942
61076058
68879242
67126634
76089718
89859392
69931810
20860714
74236203
50250446
67688411
68400651
71053785
15294487
30155793
25118341
93567646
56370789
70602716
70102020
17331528
30256612
35577028
92238735
30619140
32375836
70866167
68364159
73330916
85339295
75456613
11749095
62537183
92878914
18251020
59910454
93772251
27950764
57278762
21406519
77385455
38320182
26845671
98235561
74154441
84308499
71489783
72046162
57778829
26996833
54371413
60358587
84545224
28258174
57497159
82703008
41959401
59297953
74569405
28226112
67938120
10008011
56185928
61284611
10633302
90322520
84987424
79764891
80932207
43626662
23708077
41703427
68058813
93874307
18398893
76489999
14974062
78144262
51714041
14050400
85782655
24824040
20356654
34440478
38294765
64548066
70972003
98887803
99393467
78178270
34755364
95861237
46997413
29496095
66621707
11338213
13896980
26223592
28041858
74742180
49858080
86094336
45081109
85379697
77357678
62547494
24451623
57595616
51640381
44158946
18390698
33323090
40225297
43760099
23163368
38509289
35310286
83811126
40788069
88480193
34122653
79788859
64828809
11617195
73136030
11417707
71550381
89011147
48862546
66820862
62743666
30467011
80618921
35887266
93193804
36862762
58267286
40028273
31356456
59071530
19691706
22343978
18498473
37979525
83137274
56220191
87982877
98243848
39398737
29765518
56640136
41770526
87352942
33401858
85934892
62452139
74746498
40917139
10834652
27320182
55664900
12181765
59503729
34856569
72661708
89321753
12221326
40708581
47926510
17201004
17141842
16513862
91030690
97237746
45217626
38222659
59798222
81284325
81848267
87693268
81816598
10573876
92791122
11616601
12647483
74030672
58457276
57212972
55201593
15910524
30703656
20533628
99079395
16346484
15402129
69541939
40965199
21566201
67342209
77183935
82474056
34212441
49058180
46162583
64732810
79307870
94701157
21831830
33015045
44047972
99436212
40685611
90959689
31373345
29800097
99196875
95599454
67439509
55371775
42230651
79160690
80592659
12602628
14719711
39107708
81971796
66720679
98451788
24242476
65500860
37784549
17657065
88914660
63163129
37281082
25126309
40588907
16070150
68814086
31985701
78212640
36911278
47693358
15024897
12777068
26792234
34381508
15961896
40014432
14491501
19117765
16468279
91406171
38061803
63259203
43986262
95640745
76815566
89838402
63900654
72066687
45200485
30094631
21813402
25523049
94473811
13103375
89160129
57009470
82742263
50282175
41188505
78143568
42419163
60094601
89984912
85614747
31962448
49205639
84569756
23743295
78215854
88885763
55191123
61324006
86633375
98617846
81119219
41561464
55171435
32969105
55888448
17075786
15030934
67148907
65521303
17332611
64856862
59020357
87032947
67842059
34446954
19607559
15446208
65969470
72916304
34744602
47977236
42924043
17394284
16279280
20880065
71006769
29704261
31355194
10777115
75440011
60493076
59677534
76802821
84216991
45405523
22234928
27616888
74826927
70267143
15386465
44584908
54211234
79674555
23303003
53698051
16465141
80869924
45435890
31254526
17251089
17110428
93468578
28424380
96092252
40576781
96396983
40883146
15708055
65122592
60005204
91580501
28110280
80892419
41294717
97493575
85244718
74062495
29340956
11390289
28903933
58282156
19761226
86838551
91976601
40035272
52222890
10260717
37981743
53670000
33594886
71480066
92006714
61345146
33875020
93562462
15782027
66367150
95345083
56475404
96103324
34481913
57429103
92007318
29321665
84410677
22449494
49397629
88775441
73388106
54731996
64863717
17004556
31728942
12320574
86182924
11337651
59537429
20770404
62915421
65998984
77231592
37893528
92485369
80403937
19094209
35299409
91675474
19997844
81083756
19205159
79114950
69584988
79578817
93878328
25919598
11837958
85027502
52587423
19778164
18014894
20361662
25117557
97525930
35740327
63912151
86698853
32030606
75445156
46071163
37954050
68841919
45264267
20740242
98068434
56642661
55699179
39251969
27754457
87660359
34108146
58481274
59631900
96693127
34261796
33914596
37899080
60156787
44037035
32118855
70856120
33516488
96533763
54781905
48499507
61101286
65173461
82629392
89270507
24398047
18025923
38182114
64661746
44086457
93298848
15131213
99461432
70026226
65543496
23309719
12609655
61522329
12698340
74038057
29263450
32966827
96273370
26370150
81861093
13603838
37824342
97038320
34029117
20968800
64664002
68081719
88698216
90759627
14785980
78356189
87301356
53355087
16758684
18164910
28019424
80045802
46655160
84433748
23317117
75962329
23490257
85458730
59083025
96505132
16794573
94045005
42348167
16023735
96934014
68450761
47855513
63679665
41237959
29586396
13405716
23808288
43604401
88913351
49703348
67399282
44902601
85347642
78968554
21302584
18339502
69428645
43990334
19701311
66142986
65944051
92046469
64551858
53681101
61906688
98389104
56671145
41383155
98458688
99280925
90654169
76742230
69826296
76002642
49232468
45966895
29610209
89346699
94786269
95405937
19579854
15217779
24735156
57472652
16277328
10913117
18251202
64669151
15047694
69229038
61823790
16645182
31741232
41607553
21406480
76546777
50111184
11585045
71353745
89274977
22583891
82976840
32757370
12194708
57765122
94136920
79239565
46427708
74602983
53319036
49705821
94812474
62090055
80524873
74332634
22794956
72362668
45428405
21499105
67681395
54775763
15757526
57118345
38308586
86940275
10811359
28232693
89254386
29624473
38592071
40956731
82006965
61397601
83191461
17756164
27292373
66655150
15747710
76866608
64305765
81859982
24453527
76413772
78133556
89317998
48631783
26873450
37272840
38868135
49780602
42569628
66304005
94494389
35821361
32013950
92876855
93359492
37894710
16882782
80279016
21767064
51533363
49615225
64450166
21431847
63913972
21891310
20380292
49696601
34398947
94969623
56497871
50076278
37772931
52263778
80149884
25193158
12020586
73785622
64463475
47231205
92329321
52946269
92459957
54721609
93479782
73328588
72517817
10413424
58619737
47167335
66531692
58918213
29439820
59689435
87647394
10444539
21257574
79756364
11834771
22836950
38836964
91427503
65274002
11430813
38025497
27349480
34792118
12403922
84757614
78785040
74904146
84044563
78808949
20851029
44589843
12513088
10117403
10629817
25100581
23539215
56394460
47699425
63443135
34928282
63354435
62662623
20943129
17073425
12885962
25135156
57175406
85723178
37577080
27204449
15860746
95140901
32028959
66286376
28600615
31756879
76907133
24040343
84085505
18458687
98181794
68789867
35570287
88050951
12712586
78484454
90655927
65698718
74867095
51746500
78299778
10642777
27413726
18230659
25113933
94802330
86448899
22355476
69465287
13464072
23334675
26628769
68082574
87089795
86803813
54463426
80278970
34718843
97064176
99147640
17600414
39681407
34146888
29433053
79031958
42854899
23861554
24851979
90402757
95121082
56572064
11653605
47737524
20987663
95666306
34316231
90428790
90567252
79797887
91793883
11501233
96335985
16772737
35662011
53930542
97351456
61130195
34657330
21617502
23967285
34193064
49050049
45631311
48272184
65295034
50212485
11082100
13084380
45889340
98150507
58849202
92114834
39174311
36146487
89107646
80122977
45497089
89409337
48310162
51974018
48243806
50968903
72588210
18602040
76011428
21701576
54687584
33369263
63250000
30485635
95960594
15670855
26492244
66181778
36226519
22346867
27004011
96095534
36695178
31348258
69414177
10386637
17035162
37862592
30157363
72576045
73020870
86663375
60315363
61329914
57782829
87299771
50171125
44504311
63582285
37453597
19099700
43474543
29993978
67890396
79899060
48703064
65895537
35116719
53024300
38326743
84445291
76884513
22988007
16143858
57892288
76955975
85216025
74859668
89886035
24656804
28111586
89376537
51576304
26834485
75239403
89519737
81821012
85867509
58424165
28863016
57740091
85897215
29380627
74505328
87640148
52413789
51445362
94827539
66550832
82574795
46138618
38925491
44092546
74707253
27375764
54098810
20869371
22592790
95247584
66784904
49479011
73698546
57668173
68718423
80036584
65621608
55187862
53683522
19913468
92489487
48935673
48429843
12635751
55938372
96733258
34781525
76907029
20512229
79239746
78914754
58668963
25238642
93710842
28738766
11778458
64145006
64663395
52196940
63668222
75111283
46729958
63785246
48313866
20965744
41495799
59207104
21438921
17334692
36051145
70913460
51133799
54929357
15263041
16624551
40408910
40246403
98646369
77649752
68187791
89457880
56070094
43858253
89538593
32118563
24760294
69274346
33005640
24184290
34894520
36883787
10531389
30578679
70310601
98349904
33053390
65725538
97464653
54295413
37092424
63738727
58904453
21679368
59699743
23415776
33269399
57584070
83203902
74668081
55073738
90458319
95564502
51611985
35883761
93373038
54669537
88959704
29191413
20296115
21188397
61669271
51973500
43663476
77915363
51004189
73542549
93655713
83841913
13586275
96956977
89917143
67489641
10985868
97953282
44697545
45969293
55925928
59646730
96300410
86986129
52903488
89003398
45089006
14424626
37669131
38818870
51516602
53932022
73606723
43056733
94729545
34136877
77085599
91816598
62609728
91585296
15101476
60106284
10266522
23784063
46674216
31010128
58178239
38044556
73777095
62835449
31527211
15765302
10303227
27016555
54208331
65482196
21049841
21972838
38276274
17906963
46791399
35408719
66753134
29777987
68882838
27412157
18514004
92652411
60241563
47587714
19940257
59746997
20015251
31242021
22478870
39541599
41179789
93588102
89948498
81104003
16702330
47781756
45705192
47163757
97655873
31410564
19771874
82002619
14033132
96396068
82147983
96453630
78917380
64740886
99013743
60630048
54629924
32773715
27636508
54346107
73979584
98885681
40115768
29814870
41075234
18244563
66844096
44036938
89862664
48387470
90169660
30180661
81723660
87245311
48438663
62997371
18252953
32552460
63439426
56852143
92264863
69696347
54968729
67132238
17772443
13672647
77640739
39138104
15984158
93093121
14892449
16114832
61618095
49527871
12463187
14472937
31469757
21457117
66729593
52877275
19899747
49188853
91169065
60925061
75757925
98286406
62938798
55284529
57843432
64565849
78788537
64056157
75032724
49169345
68187216
25902590
88882849
32652109
42083574
37301120
97098367
27306240
18807798
72441093
18642203
27944773
64634947
73873986
90147476
64237736
87620805
70836148
80649865
58298335
10400269
27875002
49485221
60246212
44661654
68217276
62710669
78969792
25717124
55280320
44440744
97947843
94247525
90346325
49917668
77637393
91846283
43598604
20466156
57260891
40701262
86446254
26760839
28787048
57738783
17585669
31669262
67109736
19996829
64661020
90078183
54161710
38215695
78592634
95907372
68129540
53678760
49436368
26774385
49882086
53930782
87501831
74481028
65829940
18079627
20058532
61803035
51549171
59090440
13421103
62135756
66608008
53373464
24447428
77894099
81414635
36223233
55684747
31419319
27341616
82782737
16000595
27627621
97730368
61758139
62489223
95501948
19003528
89086043
90230555
29263309
25025724
68151294
26230919
20489499
42880064
46213757
18082889
71539126
59220482
98736288
29147461
92709147
69864549
76913045
44061167
52729149
19563554
89540571
50059290
70140550
75539422
35707896
63431807
43347722
81607386
16618104
99346386
79842643
10663341
90005357
87771247
72783436
89649287
51908009
43440260
17471944
99749670
88284687
10006323
71197905
68939205
47063173
52873153
44944390
50685134
12408385
48275774
19522476
13880013
60050998
65015834
76494902
33122734
75363304
74192763
55338806
90349262
80144668
54537414
78535644
70034023
98030098
20536375
88239092
61106969
20813613
97329647
85596997
15608498
35026530
46866698
66412788
92719278
47363652
74035014
97378727
49192482
67184374
91139954
88442532
22844433
28053779
65883519
79752626
32212991
43250698
40698770
51075055
25374133
77104536
18818012
90124247
17388475
80337038
86381004
50578964
64479274
41902303
78318591
63049677
65041296
85885358
51128911
89451074
54421538
66056558
60594859
74949478
59209291
80599727
50171735
92071717
17792834
99904362
75482298
60256600
22854171
85387323
75272260
47564172
34585361
38323682
62352643
72042243
87748087
28977285
55607645
48254476
31573007
78177092
81272071
44729190
38624893
53283263
35065532
24223255
45586721
35691044
31874557
67826769
96123136
26770197
91856522
61186639
27416482
73381459
68642151
39870723
56941180
12228709
12004562
81867190
19703103
71992634
79752312
81234454
73852213
95188410
36821782
99623899
59900253
69047964
95081390
30217350
98336628
25355942
94695416
96126401
25751325
14887883
34138760
59140873
79766783
64338348
38448657
49001730
85850117
66351945
34529324
56308097
89956045
25686634
83806149
26307269
18753730
12818332
10915827
97070217
89923378
14471683
70318623
97895919
29823951
17565273
42297844
75986486
64192979
50623372
92152328
10285953
55907175
23001482
55418490
61139324
67795320
28624044
40616844
39472683
65346837
63207076
71913169
24979402
68700472
79177389
45618973
45663774
72290820
31390569
95399444
22217711
56036393
13728768
38116863
38959305
95349006
28660710
54040829
50020774
83876352
11573219
80966383
58671116
14092878
56246540
50106153
54222843
69390053
55483321
76767373
94946467
81939259
49395377
18128146
94021123
44053867
78303009
82341407
82381265
63621422
39248828
77351312
52882460
56403154
53208517
48161515
25841582
35250093
88990412
88646993
54062803
64565346
74591857
22602114
62474817
27550005
15700394
15751150
94587952
56816594
23510441
68193304
62540394
38110039
70492973
45735058
29756418
31673870
44773826
13015112
41205050
59683781
60259603
16013327
62374577
52827193
69574164
80748782
27102502
96535770
58155520
92306575
68109755
23812246
14696380
11354570
27672632
57494105
23290474
16582032
59935514
98315445
24657501
24093834
24730355
17064064
74656066
50163876
55910732
64462923
89476429
20972399
36122973
15610784
22917978
16116882
26657796
79180962
90790940
56644455
86016874
30588091
48553574
43146202
72644304
94994261
29609762
77770341
56785465
78406706
89278255
31373035
94572426
12443681
60536282
90140705
25029204
48271849
39420649
61083186
84428844
45251336
65921571
96863674
84562356
83206203
95958509
26480775
70338548
76203684
83759623
71291620
39705290
13122298
20817007
35534214
85441237
91121739
50495250
98968270
13040990
87350537
57570115
97791275
88949935
24520157
41803774
15220613
49970443
49698423
39403047
92295848
54510068
73921366
69817722
84860327
33223180
79231729
46951058
15009106
88358417
97507028
20527857
55748170
78000951
19898798
13047718
49698790
21680520
97444220
94613793
93980768
98538244
72373222
73222793
43418096
15769534
49910658
58868861
58614586
80765563
64126845
95231219
66809660
89095373
21041767
83219340
97984391
30811886
92146266
70873098
75255938
71721061
81704701
57666428
77917520
55319877
91633630
21124921
86700269
25754116
78774938
51339912
64545731
42763557
46175056
75706718
95961547
89091892
64875861
97098918
67072433
79953806
90865345
30390903
19113996
84543321
48202298
75438654
94307326
36687918
38098014
59472670
59732346
67636041
63698421
24505717
47611760
43214986
17223816
31267708
99490580
91837347
81170818
22163163
59530527
14845451
70889814
84005252
92026189
23248454
37437585
80188460
53850557
59425675
89039493
98946183
11723706
41619139
58118213
77303598
97301185
72562878
34594162
95602415
91690364
51168206
75985393
60241606
99450494
45037030
89351485
90394260
44739985
75479569
92138471
91371436
17330710
13000740
61516850
10836119
27849555
11861212
81304413
27174647
95687437
79320365
83491617
48344509
37019634
71226142
87266410
88461364
90735623
85922808
53663610
53968645
15880056
51128293
63599977
19907511
40940583
33765863
62216230
49185197
47359016
14879170
33372605
31976023
73818557
69296565
20726320
21629721
17017175
76171608
60053499
85093407
19551201
33090534
14871162
69089851
34969292
73821726
21726596
57159754
14130110
19117511
52204158
73958172
64121176
28442527
65690787
72923510
38334580
82430978
26022018
31717514
63525697
88140962
83680153
63107571
10205905
95007883
81322921
45939558
88610454
70695669
31812904
25160025
87501232
39397690
39263652
46015607
78715550
24766100
71946131
67898495
83921817
44069223
20071059
87353494
74186479
61750928
76702410
77830365
59957929
82082103
70331138
58159673
71733350
95966545
66497706
83721879
27006879
77632788
29942244
47480483
81178623
45996567
14059832
28094080
13857655
67524688
32658275
47789555
25465261
89601027
40691269
28461122
81584817
12202298
13580158
57683677
94003033
64199314
64105905
67947959
92973751
29733151
89641394
14393978
83083576
12933261
47353822
63519990
27711575
81648209
28988939
25697216
65245760
94695080
69540845
29340853
92223082
44217707
13148405
30461058
91619788
88208925
62422180
60470764
10097976
21417590
29317687
84413766
44885285
38626792
33560068
36687158
48536023
27316568
61073050
69189914
71702149
41836635
96111147
31936471
77344454
45120477
86028096
43478558
73684538
41108976
88944211
77547512
49098280
46059462
43564406
49892526
44227666
16544119
49625269
64587409
37430574
46597938
19091062
52919212
36316930
11465429
89597414
28927958
71527986
23895127
97688428
55239611
90226737
75384197
54746168
64649282
41435993
57359310
81722366
34630833
36341523
41333669
88837558
18398723
28601236
37248318
41637015
75407275
89769274
14673357
17070326
11303745
27400611
12366035
52188926
31904435
92792517
74425027
53978116
17026683
57705949
69944533
64694135
47759633
19971788
83495299
32437412
55826055
82371940
55884702
37243000
87573395
15165488
75768114
91079172
51763903
52242757
